	         0.000000000000000
	        -0.000000000989531
	        -0.000000002881326
	        -0.000000005643262
	        -0.000000009257608
	        -0.000000013706605
	        -0.000000018972683
	        -0.000000025038459
	        -0.000000031886734
	        -0.000000039500497
	        -0.000000047862923
	        -0.000000056957370
	        -0.000000066767387
	        -0.000000077276705
	        -0.000000088469242
	        -0.000000100329103
	        -0.000000112840578
	        -0.000000125988144
	        -0.000000139756463
	        -0.000000154130384
	        -0.000000169094941
	        -0.000000184635354
	        -0.000000200737031
	        -0.000000217385563
	        -0.000000234566730
	        -0.000000252266496
	        -0.000000270471011
	        -0.000000289166613
	        -0.000000308339823
	        -0.000000327977352
	        -0.000000348066092
	        -0.000000368593126
	        -0.000000389545720
	        -0.000000410911327
	        -0.000000432677586
	        -0.000000454832321
	        -0.000000477363543
	        -0.000000500259450
	        -0.000000523508424
	        -0.000000547099035
	        -0.000000571020036
	        -0.000000595260370
	        -0.000000619809163
	        -0.000000644655729
	        -0.000000669789566
	        -0.000000695200359
	        -0.000000720877980
	        -0.000000746812486
	        -0.000000772994120
	        -0.000000799413311
	        -0.000000826060675
	        -0.000000852927012
	        -0.000000880003311
	        -0.000000907280743
	        -0.000000934750669
	        -0.000000962404634
	        -0.000000990234370
	        -0.000001018231793
	        -0.000001046389007
	        -0.000001074698302
	        -0.000001103152153
	        -0.000001131743222
	        -0.000001160464356
	        -0.000001189308588
	        -0.000001218269139
	        -0.000001247339413
	        -0.000001276513003
	        -0.000001305783686
	        -0.000001335145426
	        -0.000001364592372
	        -0.000001394118860
	        -0.000001423719412
	        -0.000001453388736
	        -0.000001483121725
	        -0.000001512913459
	        -0.000001542759205
	        -0.000001572654413
	        -0.000001602594722
	        -0.000001632575956
	        -0.000001662594125
	        -0.000001692645424
	        -0.000001722726236
	        -0.000001752833129
	        -0.000001782962856
	        -0.000001813112358
	        -0.000001843278760
	        -0.000001873459376
	        -0.000001903651703
	        -0.000001933853424
	        -0.000001964062412
	        -0.000001994276720
	        -0.000002024494593
	        -0.000002054714457
	        -0.000002084934928
	        -0.000002115154805
	        -0.000002145373075
	        -0.000002175588911
	        -0.000002205801670
	        -0.000002236010904
	        -0.000002266215897
	         0.000000000000000
	         0.000000921599255
	         0.000001797023033
	         0.000002655017569
	         0.000003495335290
	         0.000004318166887
	         0.000005123696424
	         0.000005912108068
	         0.000006683585983
	         0.000007438314332
	         0.000008176477279
	         0.000008898258989
	         0.000009603843625
	         0.000010293415352
	         0.000010967158334
	         0.000011625256734
	         0.000012267894717
	         0.000012895256446
	         0.000013507526087
	         0.000014104887802
	         0.000014687525755
	         0.000015255624112
	         0.000015809367036
	         0.000016348938690
	         0.000016874523239
	         0.000017386304847
	         0.000017884467679
	         0.000018369195897
	         0.000018840673666
	         0.000019299085150
	         0.000019744614514
	         0.000020177445920
	         0.000020597763534
	         0.000021005751519
	         0.000021401594039
	         0.000021785475258
	         0.000022157579341
	         0.000022518090451
	         0.000022867192752
	         0.000023205070409
	         0.000023531907585
	         0.000023847888444
	         0.000024153197151
	         0.000024448017870
	         0.000024732534764
	         0.000025006931997
	         0.000025271393735
	         0.000025526104139
	         0.000025771247376
	         0.000026007007608
	         0.000026233569000
	         0.000026451115716
	         0.000026659831919
	         0.000026859901775
	         0.000027051509446
	         0.000027234839097
	         0.000027410074892
	         0.000027577400995
	         0.000027737001569
	         0.000027889060780
	         0.000028033762791
	         0.000028171291766
	         0.000028301831869
	         0.000028425567264
	         0.000028542682116
	         0.000028653360587
	         0.000028757786843
	         0.000028856145047
	         0.000028948619363
	         0.000029035393956
	         0.000029116652989
	         0.000029192580626
	         0.000029263361032
	         0.000029329178370
	         0.000029390216805
	         0.000029446660500
	         0.000029498693620
	         0.000029546500328
	         0.000029590264789
	         0.000029630171167
	         0.000029666403625
	         0.000029699146328
	         0.000029728583440
	         0.000029754899124
	         0.000029778277545
	         0.000029798902867
	         0.000029816959254
	         0.000029832630870
	         0.000029846101879
	         0.000029857556444
	         0.000029867178731
	         0.000029875152902
	         0.000029881663123
	         0.000029886893557
	         0.000029891028367
	         0.000029894251719
	         0.000029896747779
	         0.000029898700504
	         0.000029900307816
	         0.000029900843587
