	         0.000000000000000
	         0.000000000188192
	         0.000000000550991
	         0.000000000900219
	         0.000000001242522
	         0.000000001577744
	         0.000000001905968
	         0.000000002227269
	         0.000000002541720
	         0.000000002849397
	         0.000000003150373
	         0.000000003444723
	         0.000000003732522
	         0.000000004013845
	         0.000000004288765
	         0.000000004557357
	         0.000000004819696
	         0.000000005075856
	         0.000000005325912
	         0.000000005569938
	         0.000000005808008
	         0.000000006040198
	         0.000000006266581
	         0.000000006487232
	         0.000000006702226
	         0.000000006911637
	         0.000000007115540
	         0.000000007314008
	         0.000000007507117
	         0.000000007694942
	         0.000000007877555
	         0.000000008055033
	         0.000000008227449
	         0.000000008394878
	         0.000000008557395
	         0.000000008715074
	         0.000000008867989
	         0.000000009016215
	         0.000000009159826
	         0.000000009298898
	         0.000000009433503
	         0.000000009563718
	         0.000000009689616
	         0.000000009811272
	         0.000000009928760
	         0.000000010042156
	         0.000000010151532
	         0.000000010256965
	         0.000000010358527
	         0.000000010456295
	         0.000000010550342
	         0.000000010640742
	         0.000000010727571
	         0.000000010810903
	         0.000000010890812
	         0.000000010967373
	         0.000000011040660
	         0.000000011110747
	         0.000000011177710
	         0.000000011241623
	         0.000000011302560
	         0.000000011360595
	         0.000000011415804
	         0.000000011468260
	         0.000000011518039
	         0.000000011565214
	         0.000000011609861
	         0.000000011652052
	         0.000000011691864
	         0.000000011729371
	         0.000000011764647
	         0.000000011797766
	         0.000000011828804
	         0.000000011857834
	         0.000000011884931
	         0.000000011910169
	         0.000000011933624
	         0.000000011955369
	         0.000000011975479
	         0.000000011994029
	         0.000000012011092
	         0.000000012026744
	         0.000000012041059
	         0.000000012054112
	         0.000000012065976
	         0.000000012076727
	         0.000000012086439
	         0.000000012095186
	         0.000000012103043
	         0.000000012110085
	         0.000000012116385
	         0.000000012122019
	         0.000000012127060
	         0.000000012131584
	         0.000000012135665
	         0.000000012139377
	         0.000000012142795
	         0.000000012146000
	         0.000000012148842
	         0.000000012157877
	         0.000000000000000
	        -0.000000001978842
	        -0.000000005763941
	        -0.000000011293623
	        -0.000000018532714
	        -0.000000027445504
	        -0.000000037996687
	        -0.000000050151330
	        -0.000000063874874
	        -0.000000079133135
	        -0.000000095892301
	        -0.000000114118934
	        -0.000000133779971
	        -0.000000154842722
	        -0.000000177274871
	        -0.000000201044476
	        -0.000000226119969
	        -0.000000252470154
	        -0.000000280064211
	        -0.000000308871693
	        -0.000000338862527
	        -0.000000370007014
	        -0.000000402275828
	        -0.000000435640017
	        -0.000000470071004
	        -0.000000505540585
	        -0.000000542020928
	        -0.000000579484579
	        -0.000000617904454
	        -0.000000657253844
	        -0.000000697506414
	        -0.000000738636204
	        -0.000000780617625
	        -0.000000823425465
	        -0.000000867034883
	        -0.000000911421414
	        -0.000000956560966
	        -0.000001002429819
	        -0.000001049004631
	        -0.000001096262429
	        -0.000001144180618
	        -0.000001192736974
	        -0.000001241909649
	        -0.000001291677165
	        -0.000001342018423
	        -0.000001392912694
	        -0.000001444339624
	        -0.000001496279234
	        -0.000001548711916
	        -0.000001601618438
	        -0.000001654979942
	        -0.000001708777943
	        -0.000001762994330
	        -0.000001817611364
	        -0.000001872611684
	        -0.000001927978299
	        -0.000001983694593
	        -0.000002039744325
	        -0.000002096111627
	        -0.000002152781003
	        -0.000002209737333
	        -0.000002266965871
	        -0.000002324452244
	        -0.000002382182453
	        -0.000002440142871
	        -0.000002498320249
	        -0.000002556701707
	        -0.000002615274743
	        -0.000002674027226
	        -0.000002732947400
	        -0.000002792023883
	        -0.000002851245666
	        -0.000002910602113
	        -0.000002970082965
	        -0.000003029678335
	        -0.000003089378708
	        -0.000003149174945
	        -0.000003209058280
	        -0.000003269020322
	        -0.000003329053053
	        -0.000003389148828
	        -0.000003449300377
	        -0.000003509500803
	        -0.000003569743583
	        -0.000003630022569
	        -0.000003690331985
	        -0.000003750666430
	        -0.000003811020875
	        -0.000003871390669
	        -0.000003931771529
	        -0.000003992159551
	        -0.000004052551202
	        -0.000004112943324
	        -0.000004173333132
	        -0.000004233718215
	        -0.000004294096535
	        -0.000004354466431
	        -0.000004414826611
	        -0.000004475176189
	        -0.000004535513756
	         0.000000000000000
	         0.000001842757784
	         0.000003597470100
	         0.000005318111640
	         0.000007003181490
	         0.000008653115029
	         0.000010268280055
	         0.000011849046724
	         0.000013395785109
	         0.000014908865287
	         0.000016388657334
	         0.000017835531327
	         0.000019249857341
	         0.000020632005454
	         0.000021982345741
	         0.000023301248279
	         0.000024589083144
	         0.000025846220412
	         0.000027073030161
	         0.000028269882466
	         0.000029437147403
	         0.000030575195049
	         0.000031684395481
	         0.000032765118774
	         0.000033817735005
	         0.000034842614250
	         0.000035840126586
	         0.000036810642089
	         0.000037754530836
	         0.000038672162902
	         0.000039563908364
	         0.000040430137299
	         0.000041271219782
	         0.000042087525891
	         0.000042879425701
	         0.000043647289288
	         0.000044391486730
	         0.000045112388103
	         0.000045810363482
	         0.000046485782944
	         0.000047139016566
	         0.000047770434424
	         0.000048380406594
	         0.000048969303153
	         0.000049537494176
	         0.000050085349741
	         0.000050613239923
	         0.000051121534800
	         0.000051610604446
	         0.000052080818940
	         0.000052532548356
	         0.000052966162772
	         0.000053382032263
	         0.000053780526907
	         0.000054162016778
	         0.000054526871955
	         0.000054875462513
	         0.000055208158528
	         0.000055525330077
	         0.000055827347236
	         0.000056114580081
	         0.000056387398689
	         0.000056646173137
	         0.000056891273500
	         0.000057123069855
	         0.000057341932278
	         0.000057548230846
	         0.000057742335634
	         0.000057924616720
	         0.000058095444180
	         0.000058255188089
	         0.000058404218525
	         0.000058542905563
	         0.000058671619280
	         0.000058790729753
	         0.000058900607058
	         0.000059001621270
	         0.000059094142467
	         0.000059178540724
	         0.000059255186119
	         0.000059324448727
	         0.000059386698625
	         0.000059442305889
	         0.000059491640595
	         0.000059535072821
	         0.000059572972641
	         0.000059605710133
	         0.000059633655373
	         0.000059657178437
	         0.000059676649401
	         0.000059692438343
	         0.000059704915338
	         0.000059714450462
	         0.000059721413792
	         0.000059726175405
	         0.000059729105373
	         0.000059730573853
	         0.000059730948671
	         0.000059730664332
	         0.000059728245006
